0.616386890411377
0.8392442464828491
0.3362734913825989
0.06586165726184845
0.19744953513145447
0.08003078401088715
0.17971131205558777
0.3254466652870178
0.06499627232551575
0.3177846074104309
0.06838871538639069
0.3935202658176422
0.10042937099933624
0.31523996591567993
0.036461930721998215
0.014774422161281109
0.1159735843539238
0.48489055037498474
0.8169563412666321
0.5229676961898804
0.07180878520011902
0.019394291564822197
0.6802397966384888
0.35069745779037476
0.05308925360441208
0.7777743935585022
1.2181588411331177
0.30643466114997864
0.578841507434845
0.4174514710903168
0.4265298843383789
0.6194406747817993
0.3800608515739441
0.16770890355110168
0.040416862815618515
0.6176763772964478
0.28782424330711365
0.030122332274913788
0.6215410232543945
0.09562847763299942
0.054905835539102554
0.292729914188385
0.259621262550354
0.5272968411445618
0.24894067645072937
0.14913856983184814
0.05923958122730255
0.0337166003882885
0.3385378122329712
0.27096742391586304
0.05259782075881958
0.14545460045337677
0.40388554334640503
0.01111742202192545
0.56541508436203
0.37128546833992004
0.024548951536417007
0.1530398577451706
0.0642533078789711
0.5958744287490845
0.036626942455768585
0.014281732961535454
0.05284611135721207
0.05187823623418808
0.07837262004613876
0.2974162995815277
0.29104721546173096
0.027397040277719498
0.15726637840270996
0.013564886525273323
0.03997790440917015
0.23859074711799622
0.2773272693157196
0.0990327000617981
0.10594060271978378
0.09800875186920166
0.396099716424942
0.423674613237381
0.2666199505329132
0.08480965346097946
0.0950847640633583
0.03670620545744896
0.09593451023101807
0.350698858499527
0.45225033164024353
0.03574884682893753
0.02545514702796936
0.045836061239242554
0.26248371601104736
0.0994425117969513
0.11077357083559036
0.3745438754558563
0.023448703810572624
0.241738423705101
0.09143766015768051
0.2593274712562561
0.010818557813763618
0.04625051096081734
0.0727471336722374
0.1468627154827118
0.05462457984685898
0.11776838451623917
0.021329104900360107
0.2342406064271927
0.39816227555274963
0.030963774770498276
0.016674667596817017
0.07981300354003906
0.3817153573036194
0.026517417281866074
0.08456051349639893
0.11686880886554718
0.015788324177265167
0.061078064143657684
0.34904006123542786
0.07348057627677917
0.09245243668556213
0.14426417648792267
0.018179263919591904
0.16779375076293945
0.009391726925969124
0.044769562780857086
0.23770618438720703
0.356390118598938
0.016822366043925285
0.21539822220802307
0.15848490595817566
0.22697480022907257
0.021406099200248718
1.734068512916565
0.019013257697224617
0.03851001709699631
0.027241220697760582
0.17977148294448853
0.06704552471637726
0.008547674864530563
0.046782977879047394
0.261881023645401
0.3154190182685852
0.20685358345508575
0.011512640863656998
0.3018976151943207
0.18176181614398956
0.07045295089483261
0.016327206045389175
0.04378116875886917
0.08795636892318726
0.2735617458820343
0.4204169809818268
0.02619204670190811
0.09090057760477066
0.045513130724430084
0.10163333266973495
0.212836354970932
0.027885686606168747
0.17983704805374146
0.018142949789762497
0.09964125603437424
3.433018922805786
0.030095363035798073
0.36192193627357483
0.03627407178282738
0.1508892923593521
0.010660172440111637
0.0555083192884922
0.03357549011707306
0.03689739108085632
0.0491621196269989
0.12449617683887482
0.28863903880119324
0.33054789900779724
0.03336743637919426
0.23223552107810974
0.036319948732852936
0.019308390095829964
0.049452539533376694
0.08082826435565948
0.027424747124314308
0.18678447604179382
0.03646047040820122
0.3284728527069092
0.08497641235589981
0.03823181241750717
0.08384145796298981
0.03444883972406387
0.21258258819580078
0.040253035724163055
0.2467268407344818
0.1467294543981552
0.006563236471265554
0.27107951045036316
0.016564790159463882
0.02745606005191803
0.019649824127554893
0.02181329019367695
0.06710483878850937
0.009874949231743813
0.19017210602760315
0.1528780460357666
6.765148162841797
0.2114727646112442
0.17360298335552216
0.019101062789559364
0.04154638573527336
0.014104637317359447
0.8316400647163391
0.01776900514960289
0.056785501539707184
0.0139482906088233
0.10516676306724548
0.2608872354030609
0.08987995982170105
0.03251629322767258
0.043087538331747055
0.143926739692688
0.11662456393241882
0.3301762342453003
0.004411667585372925
0.011080478318035603
0.30290624499320984
0.023005371913313866
5.157636642456055
0.10113111883401871
0.1811656653881073
5.545537948608398
0.04636649414896965
0.042996350675821304
0.021920006722211838
0.5442723035812378
0.03912322595715523
0.07025030255317688
0.029810534790158272
0.11512856185436249
0.137845978140831
0.09464524686336517
0.1276574432849884
0.5005782842636108
0.014821618795394897
0.19525066018104553
0.021562721580266953
0.13120587170124054
0.3087005913257599
0.028188589960336685
0.0808722972869873
0.027900267392396927
0.028149977326393127
0.010287373326718807
0.14677634835243225
0.5272573828697205
0.1108383908867836
0.1747887134552002
0.11267221719026566
0.11791455745697021
0.025013120844960213
0.04679236561059952
0.03453052416443825
0.2227402925491333
0.005284488201141357
0.059793829917907715
0.11641371995210648
0.018135208636522293
0.045864030718803406
0.35847461223602295
0.03208460286259651
0.04446426406502724
0.14694848656654358
0.029380418360233307
0.34887856245040894
0.0269929151982069
0.09619762003421783
0.022423559799790382
0.08771881461143494
0.5921942591667175
0.15041692554950714
0.11742386221885681
0.034914396703243256
0.26310044527053833
0.11805777251720428
0.030940989032387733
3.7960424423217773
0.03972383216023445
0.13460081815719604
0.0225372351706028
0.08139558881521225
0.04044147580862045
0.16276319324970245
0.13363021612167358
0.10567892342805862
0.09944602102041245
0.02874648943543434
0.03704250976443291
0.12532217800617218
0.026759445667266846
0.014596373774111271
0.01569448411464691
0.14886462688446045
0.6390678882598877
0.3008723258972168
1.4451968669891357
0.28013554215431213
0.44033083319664
0.03659871965646744
0.19617746770381927
0.13159656524658203
0.07509845495223999
0.5387534499168396
0.027545873075723648
0.03975948691368103
0.04013742879033089
0.06724502146244049
0.05970223620533943
0.04106984660029411
0.006722662132233381
0.011739164590835571
0.3364602327346802
0.07469449937343597
0.23402200639247894
0.009027443826198578
0.6837496757507324
0.1133907362818718
0.08565226197242737
1.1674604415893555
0.01571386121213436
0.047534916549921036
0.019954577088356018
0.13895167410373688
0.017734359949827194
1.287243366241455
0.08631274849176407
0.009860110469162464
0.035692017525434494
0.40982720255851746
0.19121377170085907
0.12837408483028412
0.1667562872171402
0.029771536588668823
0.06978029757738113
0.1549457460641861
0.06716781854629517
0.09753274917602539
0.023532137274742126
0.016812942922115326
0.029100976884365082
0.1550431102514267
0.10885225236415863
0.024826781824231148
0.08393121510744095
0.172115758061409
0.07147274166345596
0.07268615812063217
0.06480670720338821
0.0463603138923645
0.011253101751208305
0.12500667572021484
4.028072357177734
0.31989428400993347
0.06597770750522614
0.42441555857658386
0.10788466036319733
0.29001903533935547
0.11263088881969452
0.03128186613321304
0.05875299870967865
0.37704747915267944
0.0694359615445137
0.03254708647727966
0.2828111946582794
0.1453137844800949
0.14583639800548553
0.3292853832244873
0.10323803126811981
0.3403894901275635
0.018429109826683998
0.05032820254564285
0.08927511423826218
0.012535138055682182
0.034350037574768066
0.042431555688381195
0.0898619070649147
0.02644846774637699
0.03244275599718094
0.14300647377967834
0.03608359396457672
0.019689127802848816
0.029043996706604958
0.05656066909432411
0.10454511642456055
0.03961590304970741
0.04537283629179001
0.06752971559762955
0.01008174940943718
0.1225130558013916
0.33017635345458984
0.02212401106953621
0.043927233666181564
1.5206304788589478
0.05576804652810097
0.00953921489417553
0.024285582825541496
0.008994916453957558
0.012862992472946644
0.18886269629001617
0.10014502704143524
0.17915333807468414
0.023228321224451065
0.045424364507198334
0.10952982306480408
0.0838962122797966
0.266226202249527
0.075190968811512
0.009636124595999718
0.051507819443941116
0.048818957060575485
0.018208933994174004
0.035616450011730194
0.027974005788564682
0.0696435496211052
0.007969800382852554
0.022529758512973785
0.06345562636852264
0.1359151154756546
0.05566495656967163
0.06013716757297516
0.057070065289735794
0.04166201874613762
0.006676406599581242
0.028639666736125946
0.014242803677916527
0.5193363428115845
0.048349589109420776
0.01727263256907463
0.01358143799006939
0.2585555613040924
0.009519726037979126
0.07949027419090271
0.2058432698249817
0.01916908472776413
0.6670047640800476
0.011672083288431168
0.05660763382911682
0.022765351459383965
0.013345159590244293
0.08621501177549362
0.13074888288974762
2.922687292098999
0.12064339220523834
0.05107811093330383
0.5620417594909668
0.24196571111679077
0.018035531044006348
0.025670623406767845
0.009466457180678844
0.11399275809526443
0.019495751708745956
0.010947728529572487
0.017776990309357643
0.3366343677043915
0.13125042617321014
0.07541929930448532
0.04744456335902214
0.03779037296772003
0.029682394117116928
0.013494630344212055
1.5077086687088013
0.049659114331007004
0.022511884570121765
0.06674075126647949
0.01387261413037777
0.078827403485775
0.021896332502365112
0.06727069616317749
0.03506268560886383
0.05953226238489151
0.1283445656299591
0.06235892325639725
0.0917472243309021
0.013799900189042091
0.0942227765917778
0.01001151092350483
0.07998422533273697
0.1808224618434906
0.011697889305651188
0.022590305656194687
0.1059274971485138
0.09844248741865158
0.014668694697320461
0.017970461398363113
0.062252867966890335
0.0973844826221466
0.019499676302075386
0.01812041364610195
0.00917835347354412
0.024697940796613693
0.09880735725164413
0.014652533456683159
0.017215900123119354
0.009447447024285793
0.03457837924361229
0.25711435079574585
0.011083072982728481
0.17364253103733063
0.007760876789689064
0.00864348467439413
0.10729219764471054
7.663007736206055
0.026959912851452827
0.060866598039865494
0.02057822234928608
0.10043738782405853
0.007410772610455751
1.1083362102508545
0.052480652928352356
1.829946756362915
0.011208344250917435
0.034475963562726974
0.09405812621116638
0.02145477756857872
0.018020251765847206
0.007395789492875338
0.11745437234640121
0.08129509538412094
0.9050441384315491
0.08046257495880127
0.00768243707716465
0.09606118500232697
0.006125681102275848
0.06491634994745255
0.841271162033081
0.12673889100551605
0.043135564774274826
0.08513938635587692
0.00431724963709712
0.020948797464370728
0.030376000329852104
0.9322806596755981
0.42782163619995117
0.24711617827415466
0.03239232674241066
0.012098180130124092
0.023474544286727905
0.025898873805999756
0.20642930269241333
0.05635126307606697
0.39669886231422424
0.012858740985393524
0.021849101409316063
0.009254551492631435
0.0586526095867157
0.008150467649102211
0.016413051635026932
0.15606380999088287
0.08718355000019073
6.978355407714844
0.08269959688186646
0.6123812198638916
0.006792256608605385
0.006570793688297272
0.037904150784015656
0.08824803680181503
0.13568668067455292
7.41627311706543
0.03189714625477791
0.01586965098977089
0.027113335207104683
2.1457300186157227
0.1351715475320816
0.03996725752949715
0.008615509606897831
0.026571959257125854
0.004477093927562237
0.10671988129615784
0.2031388282775879
0.016095831990242004
0.013820038177073002
0.30858051776885986
0.37667936086654663
0.12733474373817444
0.29156213998794556
0.021320801228284836
0.1954827457666397
0.02958374284207821
0.03297226130962372
0.021573064848780632
0.10729636251926422
0.05237331986427307
0.06408696621656418
0.007166974246501923
0.09418988227844238
0.03248538449406624
0.023236755281686783
0.06415975838899612
0.11226096004247665
0.03122078999876976
0.028188101947307587
0.06736434996128082
0.06837918609380722
0.006323735695332289
0.011224907822906971
0.06746383756399155
0.13388267159461975
0.00944854598492384
0.07349668443202972
0.02005874365568161
0.22824406623840332
0.011576413176953793
0.015926484018564224
0.07328003644943237
0.005460113752633333
0.09140030294656754
0.12213096022605896
0.17519943416118622
0.020715754479169846
0.02724667824804783
0.08787450194358826
0.18090352416038513
0.023014001548290253
0.007722259033471346
0.026393819600343704
0.0831528976559639
0.03706783801317215
0.037979960441589355
0.02558145672082901
0.3559335172176361
0.13515512645244598
0.01319225411862135
0.5408236384391785
0.06694573909044266
0.03329862281680107
0.11479062587022781
0.29504135251045227
0.06631862372159958
0.03748878091573715
0.20926667749881744
0.1578768938779831
0.05568303167819977
0.15104062855243683
0.021998723968863487
0.02506663277745247
0.021757686510682106
0.2694188356399536
0.01992694102227688
0.025632673874497414
0.03677354380488396
0.032726895064115524
0.32539796829223633
0.005544815678149462
0.512835681438446
0.2003699243068695
0.020069390535354614
0.07271300256252289
0.006629472598433495
0.004829437006264925
0.06781648099422455
0.06687813252210617
0.04597325250506401
0.02747172676026821
0.027366017922759056
0.10684102028608322
0.08785974979400635
0.09283044189214706
0.02119417116045952
0.05224766954779625
0.014385558664798737
0.042124152183532715
0.05615624040365219
0.03598906844854355
0.11967765539884567
0.07985787093639374
0.013472852297127247
0.13022232055664062
0.08452674746513367
0.05527082458138466
0.017037566751241684
0.017676101997494698
0.013120394200086594
0.01237725280225277
0.30033019185066223
0.07232582569122314
0.03969544917345047
0.07589107006788254
0.3794430196285248
0.055899132043123245
0.04132183641195297
0.055580057203769684
0.056546494364738464
0.03137693554162979
0.015030404552817345
0.10864811390638351
0.056447360664606094
0.0037734766956418753
0.012037137523293495
0.26698213815689087
0.03529306501150131
0.12832427024841309
0.14040452241897583
0.016621466726064682
0.23164145648479462
0.08814329653978348
0.16316448152065277
0.09547337144613266
0.10276636481285095
0.058234572410583496
0.0225282683968544
0.023697521537542343
0.07763617485761642
0.1614513397216797
0.028155047446489334
0.02030857466161251
0.014289775863289833
0.1075049564242363
0.14246007800102234
0.601484477519989
0.03570058196783066
0.0709432065486908
0.021517504006624222
0.008790045976638794
0.024919794872403145
0.020731523633003235
0.021951960399746895
0.07896414399147034
0.15362583100795746
0.05740875005722046
0.22752943634986877
0.012714352458715439
0.02695547416806221
0.08719948679208755
0.009617176838219166
0.01606227457523346
0.0631590485572815
0.011924952268600464
0.17947803437709808
0.0134422667324543
0.06361068040132523
0.16169537603855133
0.3513568937778473
0.012218400835990906
0.7013005018234253
0.021045714616775513
0.007864896208047867
0.05330796167254448
0.01630849577486515
0.01444807555526495
0.004407412372529507
0.10331050306558609
0.03348855674266815
0.09138315171003342
0.020322423428297043
0.0262433011084795
0.027704015374183655
0.059108588844537735
0.09739366173744202
0.0444767139852047
0.04975096508860588
0.04744010791182518
0.007646612823009491
0.0961170345544815
0.03170566260814667
0.16633225977420807
0.29612430930137634
0.028223000466823578
0.06820215284824371
0.04131171107292175
0.04566395655274391
0.020409880205988884
0.009941918775439262
0.48433294892311096
0.02344352938234806
0.08376947045326233
0.024438941851258278
0.03297571837902069
0.01643282175064087
0.013549438677728176
0.07722456008195877
0.054668497294187546
0.14174894988536835
0.007899406366050243
0.02247634530067444
0.011780740693211555
0.017041409388184547
0.25402897596359253
7.160510063171387
0.02803969196975231
0.13422706723213196
0.008288218639791012
0.00888046808540821
0.05774211883544922
0.339145690202713
0.013136663474142551
0.1871405988931656
0.05051840469241142
0.02438271790742874
0.019158460199832916
0.029932532459497452
0.06720537692308426
0.008021993562579155
0.05517992004752159
0.011040435172617435
0.2658418118953705
6.60051155090332
0.04653462767601013
0.1393810659646988
0.0092132817953825
0.11887365579605103
0.16793976724147797
0.08207487314939499
0.010493076406419277
0.024031072854995728
0.0468549020588398
0.06431213021278381
0.02833504229784012
0.08688301593065262
0.028678225353360176
0.004969246685504913
0.006988033186644316
0.130406454205513
0.24831107258796692
0.014858696609735489
0.009692655876278877
0.052211206406354904
0.029010696336627007
0.03568653389811516
0.09521393477916718
0.00981576181948185
0.033211030066013336
0.34330296516418457
0.2680123746395111
0.08307822793722153
0.03585076332092285
0.23640236258506775
0.03984759375452995
0.03692907840013504
0.07538945972919464
0.023106327280402184
0.03790177404880524
0.020251227542757988
0.00949045829474926
0.05004488304257393
0.04701024666428566
0.022084839642047882
0.016916954889893532
1.981670618057251
0.029526131227612495
0.015239294618368149
0.17736217379570007
0.038261108100414276
0.02651754952967167
0.037194374948740005
0.013938440941274166
0.05362289026379585
0.04054219648241997
0.021840007975697517
0.16727961599826813
0.04513590782880783
0.030541466549038887
0.07272960245609283
0.03159033879637718
1.1655199527740479
0.01459186989814043
0.06461714208126068
0.0453559011220932
0.02670365199446678
0.04189686477184296
0.02438339591026306
0.07979027181863785
0.23153270781040192
0.11336727440357208
0.15943625569343567
0.012515070848166943
0.20878849923610687
0.035859160125255585
0.08936446160078049
0.13261589407920837
0.013330098241567612
0.26460984349250793
0.07050344347953796
0.3344466984272003
0.18349996209144592
0.023362454026937485
0.2571825087070465
0.08711260557174683
0.10905034840106964
0.01935884729027748
0.02830858714878559
0.16919995844364166
0.028706269338726997
0.07592157274484634
0.2382194697856903
0.08761993050575256
0.09240743517875671
0.026619281619787216
0.02933829091489315
0.05972052738070488
0.015346485190093517
0.03060082532465458
0.19024550914764404
0.008710723370313644
0.07757361233234406
0.054739899933338165
0.044183287769556046
0.004872805438935757
0.022704651579260826
0.018892474472522736
0.014365696348249912
0.025265904143452644
0.26889362931251526
0.06831592321395874
0.03043697588145733
0.07582273334264755
0.014827544800937176
0.11296449601650238
0.1099226176738739
0.047473665326833725
0.10453464090824127
0.036027323454618454
0.004518498666584492
0.353709876537323
0.010575087741017342
0.07297908514738083
0.053814977407455444
0.03568042814731598
1.2397429943084717
0.0161068607121706
0.13036790490150452
0.04756955802440643
0.00938020646572113
0.2423468977212906
0.04917631298303604
0.04927928373217583
0.027877602726221085
0.017344476655125618
0.07960711419582367
0.226939857006073
0.0832504853606224
0.08111334592103958
0.07598897814750671
0.003015944268554449
0.14873351156711578
0.2783772349357605
0.025416899472475052
0.053776808083057404
0.09442779421806335
0.11514465510845184
0.07684869319200516
0.2678106427192688
0.008671795018017292
0.048966266214847565
0.01781219244003296
0.09842991828918457
0.07899488508701324
0.016840826719999313
0.07785447686910629
0.07967860996723175
0.012786501087248325
0.01477797981351614
0.35881727933883667
0.11023871600627899
0.019823893904685974
0.09182041883468628
0.07152193039655685
0.031995877623558044
0.014667723327875137
0.029937665909528732
0.022960864007472992
0.005713226273655891
0.03028094954788685
0.023130590096116066
0.02988743595778942
0.013947767205536366
0.012521406635642052
0.06298894435167313
0.009100880473852158
0.15694326162338257
0.007186759728938341
0.06453268975019455
0.03866206482052803
0.32723748683929443
0.012645321898162365
0.2867327928543091
0.029601436108350754
0.22050754725933075
0.008560079149901867
0.06031939387321472
0.12782803177833557
0.10604510456323624
0.02735578641295433
0.06419269740581512
0.06235877051949501
0.5355578064918518
0.16860613226890564
0.06514269858598709
0.04015052318572998
0.05465148016810417
0.02757607214152813
0.0476539321243763
0.10573284327983856
0.05743686109781265
0.0541023388504982
0.16245703399181366
0.08330383896827698
0.018367687240242958
0.03260928764939308
0.06972665339708328
0.05141859129071236
0.02061736211180687
0.045561280101537704
0.14176401495933533
0.07583677768707275
0.03261210024356842
0.014885544776916504
0.11411036550998688
0.27274125814437866
0.018529726192355156
0.00944474432617426
0.44051191210746765
0.07074243575334549
0.06923612207174301
0.031234754249453545
0.04399561882019043
0.013801666907966137
0.0683746337890625
0.016074279323220253
0.008596734143793583
0.10653144121170044
0.016917942091822624
0.061113085597753525
0.045398812741041183
0.020030584186315536
0.32585400342941284
0.06791960448026657
0.014894865453243256
0.029784513637423515
0.05691782757639885
0.022979911416769028
0.05425495654344559
0.009563162922859192
0.20041893422603607
0.05634413659572601
0.09332864731550217
0.09262778609991074
0.21491898596286774
0.019791265949606895
0.011269273236393929
0.0033966158516705036
0.08406949043273926
0.02903042733669281
0.11119041591882706
0.024264687672257423
0.0938844084739685
0.08104602247476578
0.010088890790939331
0.05151369050145149
0.010728863067924976
0.03015577606856823
0.11117983609437943
0.03155779838562012
0.026480363681912422
0.0052543627098202705
0.04913214221596718
0.00599120045080781
0.13135042786598206
0.04754527658224106
0.017379004508256912
0.011132938787341118
0.0074867065995931625
0.20711484551429749
0.010473093949258327
0.4864554703235626
0.059472162276506424
0.03980781137943268
0.016409777104854584
0.7851603031158447
0.03413772210478783
0.03248293325304985
0.006427602376788855
0.009580984711647034
0.030344463884830475
0.028324713930487633
0.18059438467025757
0.03998303413391113
0.0451849028468132
0.041691482067108154
0.019317615777254105
0.0726890042424202
0.03642833232879639
