0.22118055820465088
0.14297041296958923
0.46416670083999634
0.16578592360019684
1.450303316116333
0.5234591960906982
0.48880261182785034
0.8395742177963257
0.10748067498207092
0.05588189512491226
0.16195018589496613
0.42486709356307983
0.06724981963634491
0.8303254842758179
0.02081361599266529
0.4806936979293823
0.14847451448440552
0.11714351922273636
0.09289002418518066
0.8269791007041931
0.1227751076221466
0.4376608431339264
0.11546290665864944
0.17709307372570038
0.22828015685081482
0.13998794555664062
0.1927081197500229
0.5649142265319824
0.07757441699504852
0.14341725409030914
0.5278967618942261
0.18109944462776184
0.1171211376786232
0.0850643664598465
0.3374681770801544
0.03975512459874153
0.19053763151168823
0.1265745460987091
0.397378534078598
0.0603751502931118
0.4614661633968353
0.026701170951128006
0.015096491202712059
0.30467694997787476
0.08496769517660141
0.15028676390647888
0.3969721794128418
0.1443769931793213
0.30256879329681396
0.03162934631109238
0.1598764955997467
0.01549479365348816
1.685725450515747
0.016099106520414352
0.07253166288137436
0.060016337782144547
0.25680413842201233
0.2305099070072174
0.11420316994190216
0.08064373582601547
0.4269837439060211
0.021851228550076485
0.11207693815231323
0.0441645048558712
0.3213838040828705
0.018073542043566704
0.5267775058746338
0.24942511320114136
0.06674648821353912
0.018444616347551346
0.2862620949745178
0.025658220052719116
0.24424241483211517
0.06699669361114502
0.3725811541080475
0.5837522149085999
0.01903456635773182
0.10344132781028748
0.011980351991951466
0.041526272892951965
0.02615995518863201
0.0702415481209755
0.03735482692718506
0.0172792486846447
0.021296635270118713
0.04470238462090492
0.01297232136130333
0.5736047029495239
0.3210613429546356
0.19189773499965668
0.11546283960342407
0.06847857683897018
0.061000339686870575
0.015458526089787483
0.30852851271629333
0.026043005287647247
0.027124622836709023
0.06607437878847122
0.17380495369434357
0.008639443665742874
0.036846525967121124
0.4983648359775543
0.15729175508022308
0.06400412321090698
0.28738653659820557
0.05758979171514511
0.05108340084552765
0.33365046977996826
0.5875388979911804
0.016377927735447884
0.11719970405101776
0.05087018013000488
0.1944046914577484
0.038945749402046204
0.013194140046834946
0.20280663669109344
0.026395631954073906
0.01031794399023056
0.1542726457118988
0.34012776613235474
0.1504676342010498
0.01080145314335823
0.07541041076183319
0.125956729054451
0.41112464666366577
0.31035321950912476
0.17229416966438293
0.02436564862728119
0.010348272509872913
0.2542794346809387
0.2857518494129181
0.027892163023352623
0.07895755022764206
0.03756529837846756
0.048863910138607025
0.02168821543455124
0.49241533875465393
0.023642709478735924
0.013674518093466759
0.01880849339067936
0.08877206593751907
0.2631766200065613
0.2361627221107483
1.2928526401519775
0.032907843589782715
0.18058224022388458
0.0399598591029644
0.3270963132381439
0.03024904616177082
0.05475420504808426
0.01355814840644598
0.023725811392068863
0.03254099190235138
0.023104507476091385
0.0731339380145073
0.07817310839891434
0.04031285271048546
0.01966731622815132
0.027924522757530212
0.031484752893447876
0.023773841559886932
0.0631883442401886
0.33125969767570496
0.9248522520065308
0.685135543346405
0.01653626374900341
0.09901417791843414
0.025553107261657715
0.02275298349559307
0.16924509406089783
0.18399041891098022
0.04861681908369064
0.025853784754872322
0.03223363682627678
0.21280734241008759
0.0716485008597374
0.13651396334171295
0.04668101295828819
0.16442938148975372
0.028349831700325012
0.34456905722618103
0.1414879709482193
0.02332259528338909
0.036313869059085846
0.13662934303283691
0.12072727084159851
0.07060886174440384
0.06486876308917999
0.339762419462204
0.01918058656156063
0.059027984738349915
0.2246558517217636
0.020347969606518745
0.014634826220571995
0.014917118474841118
0.15467271208763123
0.011620019562542439
1.752653956413269
0.052991293370723724
0.044969309121370316
0.06306753307580948
0.07749012112617493
0.1335025131702423
0.06196131557226181
0.1119370236992836
0.18807272613048553
0.18860670924186707
0.025898730382323265
0.11523586511611938
0.12482147663831711
0.12314140051603317
0.09214568138122559
0.1911652684211731
0.09789113700389862
0.02537928894162178
0.09717176854610443
0.11525750160217285
0.04465160518884659
0.09292523562908173
0.183451309800148
0.03731074184179306
0.026784859597682953
0.07206118106842041
0.22220176458358765
0.03230265900492668
0.10313769429922104
0.003594739129766822
0.20792649686336517
0.13447752594947815
0.005963711068034172
0.18567468225955963
0.018396638333797455
3.8610541820526123
0.03008262813091278
0.027486205101013184
0.039786890149116516
0.10478002578020096
0.39379817247390747
0.037686899304389954
0.16678035259246826
0.5250460505485535
0.009328402578830719
0.158887580037117
0.13301320374011993
0.05199168622493744
0.05358518287539482
0.036852430552244186
0.007884347811341286
0.012109835632145405
0.007111662998795509
0.013272963464260101
0.06929995864629745
0.10873544216156006
0.024067262187600136
0.05630749091506004
0.12176492810249329
0.12622743844985962
0.014639675617218018
0.026777904480695724
0.0979793593287468
0.4481232464313507
0.035593222826719284
0.38508763909339905
0.053917545825242996
0.11655214428901672
0.03631773963570595
0.07120230793952942
0.13227641582489014
0.020021945238113403
0.1280680000782013
0.05108870565891266
0.030229538679122925
0.057824354618787766
0.3633666932582855
1.889054536819458
0.02066555619239807
0.030567433685064316
0.36623239517211914
0.015010260045528412
0.1272323727607727
0.02019209787249565
0.3358231782913208
0.006598830223083496
0.07135441154241562
0.056646622717380524
0.051963094621896744
0.06553677469491959
0.005693621002137661
0.449092835187912
0.032300371676683426
0.09227200597524643
0.25311022996902466
0.025745082646608353
0.09010696411132812
0.08480992913246155
0.0206645168364048
0.008686099201440811
0.010599838569760323
0.04882258549332619
0.1264478862285614
0.347877562046051
0.015976428985595703
0.32605883479118347
0.007247487548738718
0.4785923957824707
0.08048159629106522
0.012059131637215614
0.023525789380073547
0.011265614069998264
0.028064552694559097
0.12881587445735931
0.06033873185515404
0.050591785460710526
0.017312075942754745
0.01676674745976925
0.05796266347169876
0.11423495411872864
0.18928728997707367
0.010131770744919777
0.013555886223912239
0.9464802145957947
0.0077238865196704865
0.09557721763849258
0.2739291787147522
0.07474951446056366
0.0743122398853302
0.01642650179564953
0.07185477763414383
0.017333535477519035
0.03588190674781799
0.01593043841421604
0.24965530633926392
0.051314301788806915
0.05234934389591217
0.08772028982639313
0.12434908747673035
0.03659537062048912
3.094280242919922
0.08169229328632355
0.21528884768486023
0.03621319308876991
0.12962685525417328
6.63672399520874
0.018615994602441788
5.069920539855957
0.04446489363908768
0.24531391263008118
0.014449070207774639
0.05649934336543083
0.011586204171180725
0.021670188754796982
0.024954643100500107
0.28737276792526245
0.04300827160477638
0.013529317453503609
0.1724463403224945
0.02807297371327877
0.21968704462051392
0.04715924337506294
0.01216615829616785
0.05663769692182541
0.18012374639511108
0.06537849456071854
0.05972685292363167
0.030503861606121063
0.00957024097442627
0.036275967955589294
0.028817100450396538
0.05165001004934311
0.25149083137512207
0.07037178426980972
0.10690140724182129
0.028751540929079056
0.005877937655895948
0.005666241981089115
0.028479432687163353
0.11432016640901566
0.012125984765589237
0.07994824647903442
0.011549804359674454
0.1045808494091034
0.021478403359651566
0.04347990080714226
0.008722866885364056
0.054977722465991974
0.1267067939043045
0.0766945481300354
0.24829472601413727
0.16220451891422272
0.05631882697343826
0.18973764777183533
0.005066305864602327
0.25869399309158325
0.026407260447740555
0.04473526403307915
0.03896518424153328
0.00681639090180397
0.009316645562648773
0.027817659080028534
0.2880048453807831
0.01068959478288889
0.0863608866930008
0.014828854240477085
0.02727564424276352
0.012615070678293705
0.1859293282032013
0.03305993601679802
0.029999567195773125
0.1562291532754898
0.05031922087073326
0.04530191421508789
0.03774551302194595
0.38047605752944946
0.004762239288538694
0.12771226465702057
0.010958847589790821
0.008325183764100075
0.3295842409133911
0.13044220209121704
0.12943468987941742
0.37555229663848877
0.07236598432064056
0.04246436432003975
0.0156638752669096
0.21515843272209167
0.03988419473171234
0.00917112547904253
0.08858511596918106
1.1587144136428833
0.041144564747810364
0.08146290481090546
0.09771505743265152
2.7402641773223877
0.160625621676445
0.06254986673593521
0.024418439716100693
0.11477889865636826
0.14098958671092987
0.017881091684103012
0.06830637902021408
0.03983890637755394
0.05541245639324188
0.01926564797759056
0.18156933784484863
0.05299900099635124
0.27957987785339355
0.061948347836732864
0.007186048664152622
0.05034013092517853
0.15172602236270905
0.040635064244270325
0.008233809843659401
0.011839586310088634
0.02359263226389885
0.06288646906614304
0.08438281714916229
0.1448502242565155
0.11257421225309372
0.014506420120596886
0.06481246650218964
0.06861609220504761
0.006103861145675182
0.026702525094151497
0.01191642228513956
0.0888764038681984
0.05820099636912346
0.051944032311439514
0.008707582950592041
0.008957728743553162
0.04550892487168312
0.03720749169588089
0.14905063807964325
0.4154829680919647
0.026678306981921196
0.251604288816452
0.056406620889902115
0.010355195961892605
0.1010277271270752
0.01858198083937168
0.04616045579314232
0.07624809443950653
0.07650313526391983
0.07091720402240753
0.04225984960794449
0.04611442983150482
0.6229022741317749
0.03461388126015663
0.009169005788862705
1.7059950828552246
0.03468690067529678
0.010687621310353279
0.08092483133077621
0.013115813955664635
0.061971794813871384
0.059708453714847565
0.02917088381946087
0.03386210650205612
0.3549862802028656
0.0056077465415000916
0.050316330045461655
0.41523969173431396
0.0846724584698677
0.11160421371459961
0.024031896144151688
0.10243024677038193
0.01273811049759388
0.043609537184238434
0.0458291657269001
1.3090792894363403
0.5640395879745483
0.4255976378917694
0.1782459020614624
0.018835876137018204
0.06403064727783203
0.019018037244677544
0.05523199960589409
0.07848215848207474
0.08729792386293411
0.06118406355381012
0.030994147062301636
0.17704011499881744
0.013833373785018921
0.16139353811740875
0.017211725935339928
0.2064126580953598
0.0706186294555664
0.004624377004802227
0.06983662396669388
0.09948313981294632
0.2066178023815155
0.07388927787542343
0.016601799055933952
0.045460231602191925
0.06621197611093521
0.026313383132219315
0.04203226789832115
0.0708678662776947
0.14101171493530273
0.07455219328403473
0.03389811888337135
0.05699701979756355
0.29720377922058105
0.024112511426210403
0.007717834785580635
0.11497825384140015
0.03906144201755524
0.009503430686891079
0.03900030255317688
0.08887719362974167
0.022237185388803482
0.09211626648902893
0.026605838909745216
0.08985835313796997
0.009708886966109276
0.012181091122329235
0.017592713236808777
0.06776691973209381
0.008378650061786175
0.007949905470013618
0.035272881388664246
0.0333026647567749
0.04355983808636665
0.007442006375640631
0.02270878478884697
0.06669409573078156
0.07765620201826096
0.026629440486431122
0.0491194874048233
0.03650541231036186
0.03704937919974327
0.03646302595734596
0.03597738593816757
0.04521951824426651
0.03816312924027443
0.07496896386146545
0.010709493421018124
0.06876818835735321
0.02538885734975338
0.011378365568816662
0.2113775759935379
0.014897323213517666
0.01786881685256958
0.589206874370575
0.02566300705075264
0.011163964867591858
0.007903115823864937
0.2096838802099228
0.011313952505588531
0.049454253166913986
0.15078046917915344
0.18057923018932343
0.07792282104492188
0.0032752242404967546
0.5058153867721558
0.1189940944314003
0.026307784020900726
0.25640493631362915
0.01755369082093239
0.0984959825873375
0.023425960913300514
0.06375328451395035
0.04970976337790489
0.008669162169098854
0.021951420232653618
0.038228023797273636
0.0417088158428669
0.07743972539901733
0.025884339585900307
0.07438074797391891
0.014300243929028511
0.02029849961400032
0.02068765088915825
0.13412104547023773
0.23339062929153442
0.015157999470829964
0.003368485253304243
0.22857046127319336
0.02268180437386036
0.03301297873258591
0.0469747819006443
0.06350422650575638
0.04387201368808746
0.031080195680260658
0.11415829509496689
0.010195882990956306
0.06702075898647308
0.028018195182085037
0.012574021704494953
0.01725541055202484
0.05275599658489227
0.1833060085773468
0.04977378621697426
0.1044192835688591
0.4230780303478241
0.08921302109956741
0.015864865854382515
0.04923535883426666
0.0647769644856453
0.03373425453901291
0.2382880300283432
0.01895211637020111
0.0423286110162735
0.12167852371931076
0.30041465163230896
0.049726229161024094
0.030469557270407677
0.02153831347823143
0.11526384949684143
0.04936089739203453
0.0356198288500309
0.11735281348228455
0.1841687262058258
0.10329052060842514
0.004048785660415888
0.10160495340824127
0.14757795631885529
0.20562639832496643
0.010398182086646557
0.03263959288597107
0.02629806101322174
0.014362554997205734
0.015006977133452892
0.02716972306370735
0.2430805265903473
0.0825861468911171
0.10871318727731705
0.152570441365242
0.14951713383197784
0.12699347734451294
0.06162766367197037
0.08760232478380203
0.014348123222589493
0.026555966585874557
0.06790974736213684
0.636764645576477
0.02450317144393921
0.02910575270652771
0.05505993589758873
0.21862323582172394
0.12418565154075623
0.045173920691013336
0.042815469205379486
0.08074928820133209
0.02385055460035801
0.2876838147640228
0.00962649006396532
0.0528881773352623
0.014169637113809586
0.0491657555103302
0.18595489859580994
0.11819498240947723
0.07515023648738861
0.018798386678099632
0.017328940331935883
0.28182607889175415
0.03647303208708763
0.014773941598832607
0.016920898109674454
0.033064670860767365
0.08646959811449051
0.024900415912270546
0.19832485914230347
0.011229649186134338
0.027330659329891205
0.07012923806905746
0.07199051976203918
0.05727183446288109
0.037758033722639084
0.020882893353700638
0.040878381580114365
0.10362130403518677
0.0062140896916389465
0.10372214019298553
0.018225567415356636
0.06265184283256531
0.01870347186923027
0.0586741678416729
1.4245179891586304
0.044287629425525665
0.025926176458597183
0.15546554327011108
0.04166869446635246
0.02506178617477417
7.436745643615723
0.08124019205570221
0.04582640156149864
0.01305251196026802
0.04285057261586189
0.019148921594023705
0.04987744614481926
0.04903460294008255
0.01957772672176361
0.05003632977604866
0.007159752305597067
0.34054550528526306
0.051895108073949814
0.014504048973321915
0.23801055550575256
0.07064242660999298
0.07857893407344818
0.06748933345079422
0.17807745933532715
5.676654815673828
0.034832436591386795
0.022914303466677666
0.07967878878116608
0.06508714705705643
0.029134562239050865
0.11152134835720062
0.01059731561690569
0.016623716801404953
0.23701614141464233
0.043690502643585205
0.02775278314948082
0.04105304926633835
0.015139268711209297
0.03766265884041786
0.47975218296051025
0.25443223118782043
0.05799796059727669
0.38170695304870605
0.06149920076131821
0.2044205218553543
0.011995658278465271
0.011414723470807076
0.03293167054653168
0.03822438418865204
0.0927448570728302
0.013718140311539173
0.012001059018075466
0.009616966359317303
0.011832620948553085
0.018273554742336273
0.03155369311571121
0.09063377231359482
0.04640815779566765
0.09549453854560852
0.008446241728961468
0.37447255849838257
0.05361362546682358
0.014339979737997055
0.05563729256391525
0.10794828087091446
0.0328177846968174
0.06281007826328278
0.03281351551413536
7.642879962921143
0.011973408050835133
0.07540468871593475
0.07236536592245102
7.177396297454834
0.04976033419370651
0.01804923824965954
0.04482240974903107
0.0495123527944088
0.3289109766483307
0.06548061221837997
0.17069943249225616
0.05142774060368538
0.11999250203371048
0.022270232439041138
0.17591390013694763
0.03491658717393875
0.006194313056766987
0.2517499327659607
0.04424552991986275
0.15061423182487488
0.05442887172102928
0.007023196667432785
0.02267153188586235
0.02117404341697693
0.0674465000629425
0.00847709272056818
0.0227353572845459
0.09580522030591965
0.014332444407045841
0.020937880501151085
0.06332946568727493
1.7754641771316528
0.024921013042330742
0.018918944522738457
0.028321728110313416
0.08717426657676697
0.01544281281530857
0.15650954842567444
0.08743035793304443
0.22621391713619232
0.015271506272256374
0.03872571885585785
0.04424688220024109
0.0064310901798307896
0.10650899261236191
0.082633838057518
0.016312003135681152
0.027946002781391144
0.12003512680530548
0.06324755400419235
0.12089694291353226
0.00548148388043046
0.01034361682832241
0.05695020779967308
0.040331412106752396
0.11177597939968109
0.023058924823999405
0.5048856139183044
0.01169169694185257
0.08016073703765869
0.008825112134218216
0.025960950180888176
0.013570371083915234
0.006651387549936771
0.0701112225651741
0.025928134098649025
0.03221667557954788
0.13974563777446747
0.10211201757192612
0.05468367412686348
0.07248219102621078
0.015294097363948822
0.14069660007953644
0.012332344427704811
0.1006561815738678
0.005316247697919607
0.05561808496713638
0.4557473361492157
0.03602875769138336
0.36411118507385254
0.6616300940513611
0.10500165075063705
0.07054556906223297
0.12562936544418335
0.015431886538863182
0.03354935720562935
0.04384836554527283
0.2249356508255005
0.09707389026880264
7.21111536026001
0.012276353314518929
3.7396225929260254
0.294923335313797
0.029811818152666092
0.03713300824165344
0.06932052224874496
0.7969731688499451
0.028795382007956505
0.02686181664466858
0.011007641442120075
0.1960073560476303
0.044578325003385544
0.08280818164348602
0.04708156734704971
0.026485132053494453
0.026610171422362328
0.01571834646165371
0.04202535003423691
0.0453190952539444
0.026866978034377098
0.012949198484420776
1.7753100395202637
0.004825383424758911
0.05877256393432617
0.025747977197170258
0.05216742679476738
0.07558581978082657
0.40691137313842773
0.01704646274447441
0.2039942443370819
0.04511598125100136
0.016212357208132744
0.057621680200099945
0.034393440932035446
0.05704590678215027
0.030557256191968918
0.041219860315322876
0.014712102711200714
0.03532169386744499
0.07871842384338379
0.048319146037101746
0.010835269466042519
0.013846103101968765
0.010708307847380638
0.054281432181596756
0.04083746671676636
0.005928507074713707
0.01367855817079544
0.019833996891975403
0.010334322229027748
0.1121576577425003
0.060009319335222244
0.024037426337599754
0.03684784471988678
0.01829300820827484
0.031010080128908157
0.038160666823387146
0.015354542061686516
0.18288281559944153
0.04376873001456261
0.16998839378356934
0.031017854809761047
0.006545746233314276
0.04539869725704193
0.03473421931266785
0.05675950273871422
0.041119541972875595
0.047997113317251205
0.026474539190530777
0.006563066970556974
0.0384397991001606
0.09145466983318329
0.03172938898205757
0.05965890362858772
0.06948597729206085
0.093080073595047
0.14628686010837555
0.07139689475297928
0.048772476613521576
0.09566575288772583
0.05788043141365051
0.02883289009332657
0.0416436605155468
0.1096322238445282
0.01806088723242283
0.1281621754169464
0.032343391329050064
0.01305907778441906
0.0220342967659235
0.043083563446998596
0.8365038633346558
0.055586814880371094
0.4653957486152649
0.008621602319180965
0.04892183840274811
0.12709684669971466
0.048571038991212845
0.023787811398506165
0.05321699008345604
0.042958807200193405
0.042234428226947784
0.007694749627262354
0.009784815832972527
0.06559228152036667
0.047889724373817444
0.4999500513076782
0.10068594664335251
0.010772540234029293
0.010951397009193897
0.1202755942940712
0.016081707552075386
0.057016223669052124
0.37021735310554504
0.1679694652557373
0.007726134266704321
0.02062414027750492
0.02193366549909115
0.014704765751957893
0.008227072656154633
0.022378500550985336
0.04653245583176613
0.018336137756705284
0.23346440494060516
0.11919791996479034
0.4909822642803192
0.3148688077926636
0.053616657853126526
0.10782372951507568
0.008543071337044239
0.07750482857227325
0.0981585755944252
0.06118936464190483
0.044744934886693954
0.04003667086362839
0.03689311444759369
0.024973468855023384
1.7972773313522339
0.010632970370352268
0.0870809257030487
0.03166430443525314
0.269998162984848
0.005542145576328039
0.021679332479834557
0.11185942590236664
0.006250360514968634
0.03879876062273979
0.15140356123447418
0.008242905139923096
0.16937346756458282
0.37918156385421753
0.12568749487400055
0.027994925156235695
1.961106538772583
0.055639173835515976
0.20299960672855377
0.11122839152812958
0.02008908800780773
0.09341371804475784
0.011659761890769005
4.124331951141357
0.021079527214169502
0.08013284206390381
0.06684806197881699
0.02594018168747425
0.1380692571401596
0.04754486680030823
0.00944384653121233
0.0194248016923666
0.20693793892860413
0.21814751625061035
0.04267388954758644
0.17127229273319244
0.01402910053730011
0.059736158698797226
0.03362791985273361
0.2533951699733734
0.1912587285041809
1.2763320207595825
0.126914381980896
0.9250240921974182
0.06597872078418732
0.03732850402593613
0.03172203153371811
0.35800567269325256
0.005813921801745892
0.042493417859077454
0.04642266035079956
0.42135703563690186
0.026493053883314133
0.02900329977273941
0.031636714935302734
0.027458131313323975
0.04724254459142685
0.03888684883713722
0.04560675472021103
0.07601820677518845
0.02887829765677452
0.30326998233795166
0.07321115583181381
0.05293255299329758
0.06970712542533875
0.02390667423605919
0.008414450101554394
0.0458831861615181
0.2837441861629486
0.17171595990657806
0.0036368020810186863
