0.977390706539154
0.24652434885501862
0.5240346193313599
0.09042710065841675
0.2506178617477417
1.0080244541168213
0.09585047513246536
0.9848770499229431
0.057298898696899414
0.20350338518619537
0.06238163262605667
0.06810034066438675
0.06742637604475021
0.09307444095611572
5.459090709686279
0.04076318442821503
0.084363654255867
0.3381655812263489
0.04891614988446236
0.12314745783805847
0.5832736492156982
0.07440363615751266
0.07016215473413467
0.04111458361148834
0.036801163107156754
0.8475440740585327
0.5692651271820068
0.30560189485549927
0.07755248248577118
0.08784003555774689
3.127073287963867
0.21490590274333954
0.02835131250321865
0.8444110155105591
0.01614244654774666
0.20980021357536316
0.24377058446407318
0.27423369884490967
0.777310311794281
0.9857134819030762
0.27092763781547546
0.3907497823238373
0.11146945506334305
0.7482625842094421
0.034872278571128845
0.20120324194431305
2.0845184326171875
0.24098952114582062
0.04417840391397476
0.21626846492290497
0.04929506778717041
0.2467852532863617
0.16642886400222778
0.024532631039619446
0.1732049137353897
0.3211574852466583
0.046771589666604996
0.3950619399547577
0.022917654365301132
0.032255396246910095
0.0263042189180851
0.08386403322219849
0.1914372593164444
0.3948647975921631
0.13333168625831604
0.03128456324338913
0.06888619810342789
0.2976681590080261
0.07085365802049637
0.08781670033931732
0.1548028588294983
0.035570546984672546
0.05514885112643242
0.23100031912326813
0.24246695637702942
0.011003006249666214
0.07433051615953445
0.15837617218494415
0.1384148746728897
0.009515568614006042
0.03484850004315376
0.24069170653820038
0.3193551003932953
0.18754860758781433
0.4507056474685669
0.04219985380768776
0.019830690696835518
0.336174875497818
0.02731669694185257
0.048703666776418686
0.3134613633155823
0.026875782757997513
0.05174550041556358
0.33409082889556885
0.033338382840156555
0.026874516159296036
0.3282623291015625
0.2659375071525574
0.03217051923274994
0.01226243656128645
0.10558409243822098
0.02723035216331482
0.1407913714647293
0.0864081159234047
0.014954280108213425
0.1280137300491333
0.17497661709785461
0.013167484663426876
0.2313959151506424
0.24213367700576782
0.014478838071227074
0.01462838239967823
0.010552207008004189
0.1744382530450821
0.011214187368750572
1.2346546649932861
0.03822162747383118
0.15414884686470032
0.08015035837888718
0.05553124099969864
0.03153657540678978
0.5069257616996765
0.035753630101680756
0.1348493993282318
0.1532590240240097
0.035301875323057175
0.17055025696754456
0.13573257625102997
0.16646984219551086
0.0243357066065073
0.04527398943901062
0.08740794658660889
0.32175716757774353
0.00880512222647667
0.05290542170405388
0.23135441541671753
0.13675463199615479
0.045563794672489166
0.009027350693941116
0.022316716611385345
0.1078249141573906
0.0276205874979496
0.04800376296043396
0.20197953283786774
0.17019504308700562
0.1745983362197876
0.14222070574760437
0.24849578738212585
0.17345105111598969
0.00877868290990591
0.05895308405160904
0.09981535375118256
0.061490610241889954
0.25832870602607727
0.0256373081356287
0.008161664009094238
0.027171149849891663
0.06156498193740845
0.03879785165190697
0.3674364686012268
0.018076881766319275
0.027244633063673973
0.10197725147008896
0.0696604922413826
0.18148623406887054
0.051276713609695435
0.013098950497806072
0.04741561412811279
0.0851793885231018
0.17868362367153168
0.019487736746668816
0.13292506337165833
0.014614415355026722
0.024412285536527634
0.011469672434031963
0.15330731868743896
0.11211714148521423
0.1431625634431839
0.19698703289031982
0.1933962106704712
0.13192053139209747
0.31150487065315247
0.020879089832305908
0.009620373137295246
0.012954355217516422
0.04772528260946274
0.2660392224788666
0.3186344802379608
0.018791351467370987
0.019313937053084373
0.006897523067891598
0.013544454239308834
0.2650982439517975
0.18339967727661133
3.737844228744507
0.2410111427307129
0.022307228296995163
0.04049605876207352
0.05452151224017143
0.02797534689307213
0.23509643971920013
0.14311665296554565
0.09577681124210358
0.05433099344372749
0.01241050474345684
0.011699121445417404
0.18119114637374878
0.055913202464580536
0.15242548286914825
0.02734576351940632
0.02610096149146557
0.20056137442588806
0.006561332382261753
0.03209427744150162
0.18224774301052094
0.03955027461051941
0.18548958003520966
0.014054582454264164
0.20894156396389008
0.03951403498649597
0.021010585129261017
0.16889986395835876
0.06837273389101028
0.05193603038787842
0.08744773268699646
0.02242172509431839
0.03304216265678406
0.12517425417900085
0.09947584569454193
0.009486875496804714
0.03219117596745491
0.033238038420677185
0.015164023265242577
0.007536125369369984
0.054197631776332855
0.14960087835788727
0.13249382376670837
0.021506458520889282
0.18616983294487
1.2590579986572266
8.01848316192627
0.07434786111116409
0.006247604265809059
0.2566433548927307
0.3316383957862854
0.048065878450870514
0.03805849328637123
0.029007690027356148
0.02182972989976406
0.03936867043375969
0.3244275748729706
0.0486334003508091
0.26952341198921204
0.019806744530797005
0.035644274204969406
0.17556947469711304
1.1721924543380737
0.027302147820591927
0.017827853560447693
0.08919302374124527
0.20161955058574677
0.03222036361694336
0.01632888801395893
0.08670638501644135
0.2580845355987549
0.0902489572763443
0.036700811237096786
0.255477637052536
0.020738502964377403
0.023387478664517403
0.02032729797065258
0.02614433877170086
0.07003980129957199
0.16072450578212738
0.02529335953295231
0.014918806031346321
0.41204214096069336
0.024427155032753944
0.023656640201807022
0.043778520077466965
0.037131600081920624
0.3389822244644165
0.018129179254174232
0.44939789175987244
0.24799200892448425
0.018276596441864967
0.004861029796302319
0.013275841251015663
0.1972966343164444
0.008559228852391243
0.49712005257606506
0.1109304279088974
0.029443442821502686
0.15083515644073486
0.4495108723640442
0.6960248947143555
0.30191731452941895
0.27470746636390686
0.013542858883738518
0.13245131075382233
0.19263902306556702
0.036975301802158356
0.047569721937179565
0.03922400623559952
0.011840596795082092
0.1897975504398346
0.02133294939994812
0.05806037038564682
0.19232463836669922
0.017747007310390472
0.006909910123795271
0.12706847488880157
0.09616503119468689
0.017089659348130226
0.09429310262203217
0.07923492789268494
0.06472558528184891
0.06538514047861099
0.0819372832775116
0.04247576370835304
0.15685880184173584
0.07128943502902985
0.03647954761981964
0.12678661942481995
0.47790345549583435
0.06804774701595306
0.09347645938396454
0.014684381894767284
0.04883524402976036
0.0510856993496418
0.00899913813918829
0.024982372298836708
0.7247461676597595
0.035800863057374954
0.009438613429665565
0.05356923118233681
0.03286386653780937
0.014286156743764877
0.04368841275572777
0.01833278313279152
0.0927703008055687
0.173966184258461
0.02514679916203022
0.03951452299952507
0.1318921148777008
0.004395502619445324
0.045333653688430786
0.05290073901414871
0.06046000123023987
0.004514945670962334
0.07628878206014633
0.032351817935705185
0.010730122216045856
0.06411866098642349
0.00946672260761261
0.03697006404399872
0.008980385027825832
0.012625238858163357
0.05367344617843628
0.045178428292274475
0.31310439109802246
0.02398049645125866
0.24034442007541656
0.19766655564308167
0.3068794310092926
0.06286153942346573
0.03182658925652504
0.05888260155916214
0.022871017456054688
0.0882236510515213
0.01234447956085205
0.07318800687789917
0.11393643915653229
0.05929402634501457
0.011869153939187527
0.023399751633405685
0.08622913807630539
0.09026913344860077
0.05486854910850525
1.026848554611206
0.04348589852452278
0.011862256564199924
0.04536386579275131
0.010413854382932186
0.018973374739289284
0.03389246016740799
0.036876313388347626
0.022450629621744156
0.03453066572546959
0.01503672543913126
0.07852654159069061
0.03033098205924034
0.015336413867771626
0.006784649100154638
0.40751248598098755
1.3357799053192139
0.17920857667922974
0.15834084153175354
0.2157200127840042
0.024059897288680077
0.03945018723607063
0.02710644342005253
0.010656961239874363
0.011779391206800938
0.04957640916109085
0.15351679921150208
0.03316493332386017
0.03327534347772598
0.3931828439235687
0.019609341397881508
0.024603936821222305
0.013995385728776455
0.03476980701088905
0.032588593661785126
0.3085072636604309
0.016893617808818817
0.008044644258916378
0.05744173377752304
0.32898736000061035
0.32277557253837585
0.01909727230668068
0.02399028092622757
0.026693688705563545
0.0404229573905468
0.35647574067115784
8.00447940826416
0.17742682993412018
0.17417722940444946
0.05442458391189575
0.13926205039024353
0.07467085123062134
0.019309908151626587
0.24175934493541718
0.025425231084227562
0.9546747207641602
0.0819033682346344
0.015281830914318562
0.6224294900894165
0.01147131621837616
0.05730817839503288
0.009077432565391064
0.0399494469165802
0.0206855908036232
0.03360889106988907
0.04330337420105934
0.02564103901386261
0.22008076310157776
0.11019454151391983
0.07258322834968567
0.35340067744255066
2.173013210296631
0.033571187406778336
0.16716229915618896
0.4164736568927765
0.0939129889011383
0.014657468535006046
0.04216251149773598
0.14643292129039764
0.086136594414711
0.12529903650283813
0.012972179800271988
0.025066565722227097
0.019743211567401886
0.0364995114505291
3.818542242050171
0.06796468049287796
0.0675107017159462
0.02500506490468979
0.05385221913456917
1.2537132501602173
0.045070961117744446
0.1203770786523819
0.04678303003311157
0.6589824557304382
0.02171885408461094
0.06828026473522186
0.38261792063713074
0.13394810259342194
0.04110810160636902
0.04642293229699135
0.0211128331720829
0.12275770306587219
0.03739124536514282
0.18960502743721008
0.03442993015050888
0.07988962531089783
0.02175068110227585
0.33628490567207336
0.005995551589876413
0.2007634937763214
0.08824256807565689
0.17693760991096497
0.36207619309425354
0.07645907253026962
0.06889461725950241
0.07145658880472183
0.05493444576859474
0.09444862604141235
0.03028346225619316
0.10639776289463043
0.012904808856546879
0.035549476742744446
0.8582675457000732
0.09057211130857468
0.06720136851072311
0.12415105849504471
0.013717697001993656
0.015487429685890675
0.06584548950195312
0.03543204441666603
0.13927555084228516
0.027195703238248825
0.030363989993929863
0.0619419664144516
0.01448155753314495
0.0653679221868515
0.005584555212408304
0.08755400031805038
0.4545922577381134
0.04970256984233856
0.09512598067522049
0.03351059556007385
0.318805992603302
0.03435226529836655
1.358702301979065
0.0981365293264389
0.028119413182139397
0.16162604093551636
0.009159404784440994
0.027001459151506424
0.10148178040981293
0.061807096004486084
0.03528369218111038
0.05476486682891846
0.01702152192592621
0.45804116129875183
0.009953663684427738
0.25719335675239563
0.03710303455591202
0.1409684717655182
0.010000836104154587
0.2179558426141739
0.05375257506966591
0.15543945133686066
0.01928137056529522
0.12725278735160828
0.21405233442783356
0.06586211919784546
0.02896980568766594
0.9016349911689758
0.054851382970809937
0.0545261986553669
0.10752799361944199
0.04897315427660942
0.19720348715782166
0.0481838621199131
0.046838436275720596
0.05574886128306389
0.03829675540328026
0.017561612650752068
0.10057409107685089
0.04618864133954048
0.044662702828645706
0.0805930495262146
0.0335998572409153
0.007963771931827068
0.2557104825973511
0.11857957392930984
0.0409373939037323
0.2641656994819641
0.10496164858341217
0.01825440302491188
0.01616634987294674
0.006003252230584621
0.1126965582370758
0.031853459775447845
0.02599705010652542
0.0209193117916584
0.01983789913356304
0.029491150751709938
0.023792505264282227
0.039290763437747955
0.2111445516347885
0.011399342678487301
0.039500098675489426
0.06272575259208679
0.014307362027466297
0.039291366934776306
0.0056179482489824295
0.01665886864066124
0.012945793569087982
0.04556170850992203
0.16201555728912354
0.024036448448896408
0.053912147879600525
0.011347401887178421
0.10737693309783936
0.04428967460989952
0.15321561694145203
0.026996679604053497
0.08230805397033691
0.010140001773834229
0.4048382043838501
0.023585600778460503
0.01339082419872284
0.020574579015374184
0.020101796835660934
0.02372683770954609
0.04196588322520256
0.14171892404556274
0.021843183785676956
0.11843928694725037
0.003568707499653101
0.14111728966236115
0.10357961058616638
0.09864690899848938
0.05605333298444748
0.025416534394025803
0.19877295196056366
0.014030159451067448
0.046107929199934006
0.13893836736679077
0.18521267175674438
0.03643820062279701
0.05090830475091934
0.040849361568689346
0.1727825105190277
0.026076503098011017
0.05716999992728233
0.03953900560736656
0.04245900362730026
0.04210704565048218
0.013099116273224354
0.01639528013765812
0.30527907609939575
0.02048882283270359
4.8637261390686035
0.1018698439002037
0.047582849860191345
0.025341952219605446
0.024637559428811073
0.026433715596795082
0.010796472430229187
0.6056216955184937
0.03596379607915878
0.006741601042449474
0.14192062616348267
0.005324359517544508
0.026559632271528244
0.21669329702854156
0.017590254545211792
0.034445274621248245
0.022751525044441223
7.631218433380127
0.062206365168094635
0.06736718118190765
0.4639042019844055
0.07133368402719498
0.21889357268810272
0.007346553262323141
0.03351173177361488
0.020004374906420708
0.021620823070406914
0.010396056808531284
0.087764672935009
0.29024800658226013
0.040445469319820404
0.13865824043750763
0.08786274492740631
0.08539698272943497
0.0607970766723156
0.08298058807849884
0.03042667731642723
0.07642579823732376
0.05842727795243263
0.043231166899204254
0.07859861105680466
0.015358985401690006
0.008887864649295807
0.0519290454685688
0.02000431716442108
0.04368600994348526
0.020005006343126297
0.06786835193634033
0.07923431694507599
0.012691340409219265
0.0844440832734108
0.02067558467388153
0.052249372005462646
0.022611308842897415
0.030949518084526062
0.01787242852151394
0.006194486748427153
0.4881020188331604
0.009683199226856232
0.015031413175165653
0.01047085877507925
0.0819644033908844
0.05905197560787201
0.039042115211486816
0.015905670821666718
0.03466155380010605
0.03500648960471153
0.45791923999786377
0.0909927561879158
0.01912168599665165
0.020745540037751198
0.06752131879329681
0.3300251364707947
0.08724091947078705
0.08551935106515884
0.011490661650896072
0.35686641931533813
0.31188052892684937
0.08479088544845581
0.14308157563209534
0.21228928864002228
0.3184363842010498
0.06801515072584152
0.10579996556043625
0.2503949999809265
0.0841047391295433
0.03643922880291939
0.026217859238386154
0.08162349462509155
0.09811143577098846
0.040083035826683044
0.043972816318273544
0.05816452577710152
0.08337830752134323
0.38743042945861816
7.709237575531006
0.013411039486527443
0.07179207354784012
0.06947199255228043
0.10286297649145126
0.36867135763168335
0.07631002366542816
0.026854267343878746
2.116605520248413
0.04463263601064682
0.0082218823954463
0.05680452659726143
0.06058093532919884
0.01982218213379383
0.02806696482002735
0.02612762339413166
0.06360728293657303
0.01918940246105194
0.3321183919906616
0.19305309653282166
0.052838683128356934
0.018486712127923965
0.02135603316128254
0.3231376111507416
0.035394102334976196
0.03564578667283058
0.07707006484270096
0.04775511473417282
0.0930740088224411
0.0310972947627306
0.17074646055698395
0.18597522377967834
0.09174586832523346
0.1077481284737587
0.06667265295982361
0.01927642524242401
0.014925078488886356
0.08042986690998077
0.006853149272501469
0.07031501084566116
0.14568911492824554
0.03179216757416725
0.24726766347885132
0.04324543476104736
0.2296147346496582
0.06646554917097092
0.19021645188331604
0.09174024313688278
0.030297428369522095
0.038581836968660355
0.022554932162165642
0.08679068833589554
0.03696652501821518
0.04298566281795502
0.04558070749044418
0.017654461786150932
0.041065018624067307
0.03637643903493881
0.11009421944618225
0.02862485498189926
0.02326968125998974
0.02152935415506363
0.40306463837623596
0.013903769664466381
1.537747859954834
0.0072770859114825726
0.03137105330824852
0.01224726252257824
0.03546268120408058
0.11852091550827026
0.011392421089112759
0.01664154604077339
0.004476100672036409
0.01482927706092596
0.03877447545528412
0.044966500252485275
0.027256689965724945
0.0977344885468483
0.035507410764694214
0.017934558913111687
0.03511226922273636
0.5370291471481323
0.06678490340709686
0.019931437447667122
0.038208022713661194
0.19327735900878906
0.04871801286935806
0.036490410566329956
6.376982688903809
0.2529435455799103
0.015971209853887558
0.0185512937605381
0.05466935783624649
0.2466650903224945
0.025493688881397247
0.06909442692995071
0.008823131211102009
0.3213905394077301
0.06982835382223129
0.10474111139774323
0.06939521431922913
0.10178262740373611
0.015894969925284386
0.21902839839458466
0.04351120442152023
0.023358995094895363
0.019874317571520805
0.17451627552509308
0.014898902736604214
0.03505595028400421
0.008516233414411545
0.008210078813135624
0.1250760704278946
0.039626531302928925
0.054083533585071564
0.04987778142094612
0.010250423103570938
0.05652927607297897
0.028292832896113396
0.016827767714858055
2.681837320327759
0.0526251345872879
0.02522449567914009
0.0354771688580513
0.05100979655981064
0.24067886173725128
0.0714154914021492
0.012085373513400555
0.04742260277271271
0.010092632845044136
0.007066255435347557
0.13306891918182373
0.07688306272029877
0.2329852432012558
0.03939366340637207
0.053747594356536865
0.008375830948352814
7.28367280960083
0.029581917449831963
0.04349962994456291
0.21344386041164398
0.18430215120315552
0.032600387930870056
0.010561112314462662
0.01320494432002306
0.052390631288290024
0.08182647824287415
0.35538941621780396
0.013029607012867928
0.006301917135715485
0.10528604686260223
0.024487746879458427
0.06289557367563248
0.11045289784669876
0.2745451331138611
0.007212839089334011
0.019872980192303658
0.5764683485031128
0.016329633072018623
0.14042866230010986
0.013387964107096195
0.007440501824021339
0.011354561895132065
0.034450218081474304
0.012681160122156143
0.027144780382514
0.007086946163326502
0.045204389840364456
0.04041869938373566
0.2277533859014511
0.22488684952259064
0.17600224912166595
0.06264547258615494
0.020994633436203003
0.02153599075973034
0.013332127593457699
0.04774431139230728
0.4394787847995758
0.18354427814483643
0.054693277925252914
0.015003573149442673
0.13948383927345276
0.04623587429523468
0.03427007421851158
0.01976224035024643
0.031010087579488754
0.16275738179683685
0.05012855678796768
0.07036442309617996
0.08338099718093872
0.006414778530597687
0.011580442078411579
0.06271367520093918
0.02808355540037155
0.07787738740444183
0.10126316547393799
0.06356553733348846
0.005437228363007307
0.19120940566062927
0.05099662393331528
0.09123630076646805
0.2575380206108093
0.02708698809146881
0.03153752163052559
0.04010169953107834
0.023461531847715378
0.030282901600003242
0.07281768321990967
0.04711978882551193
0.31834596395492554
0.04492902010679245
0.05609826743602753
0.02125227451324463
0.006651089992374182
0.013438543304800987
0.019199324771761894
0.005639567971229553
0.008866362273693085
0.09837478399276733
0.2276182770729065
0.018525034189224243
0.37935903668403625
0.06612452864646912
0.023068593814969063
0.03723454475402832
0.03477885574102402
0.15211476385593414
0.018385019153356552
0.006157235708087683
0.024789821356534958
0.027988221496343613
0.04920075461268425
0.06418557465076447
0.02679252251982689
0.043585989624261856
0.010735660791397095
0.19651341438293457
0.020022202283143997
0.056326210498809814
0.2228936403989792
0.20062440633773804
0.023050084710121155
0.03274468705058098
0.014575900509953499
0.007175823673605919
0.05842937156558037
0.09082614630460739
0.004721031524240971
0.04099874198436737
0.04569201171398163
0.0347692109644413
0.006311697885394096
0.17906183004379272
0.11864645779132843
0.08669554442167282
0.014209195040166378
0.08109132945537567
0.020764701068401337
0.09531006962060928
0.02381143346428871
0.01141524687409401
0.08107911050319672
0.032055772840976715
0.4225901663303375
0.014008505269885063
0.0477452352643013
0.01289972010999918
0.006053492426872253
0.02354280650615692
0.017256643623113632
0.16826540231704712
0.10309251397848129
0.055512212216854095
0.02506713941693306
0.09833039343357086
0.015413486398756504
0.0125651890411973
0.028830992057919502
0.0151099544018507
0.03878550976514816
0.16340790688991547
0.03815614804625511
0.040474485605955124
0.023883244022727013
0.2441057413816452
0.015904663130640984
0.2522498667240143
0.0269565898925066
0.052446432411670685
0.019121035933494568
0.023229816928505898
0.11262393742799759
0.9335117340087891
0.03061363287270069
0.08097659796476364
0.033053167164325714
0.01312352903187275
0.04896049201488495
0.10919220000505447
0.04498663917183876
0.043987009674310684
0.015559103339910507
1.4394577741622925
0.060003798454999924
0.015237385407090187
0.03195732459425926
0.013652949593961239
0.2645202875137329
0.006384204141795635
0.03737752139568329
0.016806425526738167
0.05716925859451294
0.034013666212558746
0.09718561172485352
0.05573504418134689
0.014525345526635647
0.05926905944943428
0.04394036903977394
0.008357142098248005
0.032199520617723465
0.06390813738107681
0.3521054983139038
0.030441705137491226
0.05722426250576973
0.05022366717457771
0.05110052600502968
0.02968062274158001
0.03774743154644966
0.019069114699959755
0.05031260848045349
0.25895607471466064
0.14332996308803558
0.3544452488422394
0.01497673336416483
0.21753056347370148
0.07331356406211853
0.16594980657100677
0.047973014414310455
0.07394177466630936
0.5066096186637878
0.028677716851234436
0.019522519782185555
0.04715629294514656
0.0911804810166359
0.015377801842987537
0.05286256968975067
0.01989784836769104
0.010814696550369263
0.2131904661655426
0.032394472509622574
0.051814693957567215
0.03302361071109772
0.0371929407119751
